(30.173161534026335, 113.92222966168211, 30.164762736523976, 113.9360054871826, 'D:\\pythoncode\\ParallelComputing\\output1.png')
(31.173161534026335, 113.92222966168211, 31.164762736523976, 113.9360054871826, 'D:\\pythoncode\\ParallelComputing\\output2.png')
(32.173161534026335, 113.92222966168211, 32.164762736523976, 113.9360054871826, 'D:\\pythoncode\\ParallelComputing\\output3.png')
(33.173161534026335, 113.92222966168211, 33.164762736523976, 113.9360054871826, 'D:\\pythoncode\\ParallelComputing\\output4.png')
(34.173161534026335, 113.92222966168211, 34.164762736523976, 113.9360054871826, 'D:\\pythoncode\\ParallelComputing\\output5.png')
(35.173161534026335, 113.92222966168211, 35.164762736523976, 113.9360054871826, 'D:\\pythoncode\\ParallelComputing\\output6.png')
(36.173161534026335, 113.92222966168211, 36.164762736523976, 113.9360054871826, 'D:\\pythoncode\\ParallelComputing\\output7.png')
(37.173161534026335, 113.92222966168211, 37.164762736523976, 113.9360054871826, 'D:\\pythoncode\\ParallelComputing\\output8.png')
(38.173161534026335, 113.92222966168211, 38.164762736523976, 113.9360054871826, 'D:\\pythoncode\\ParallelComputing\\output9.png')
(39.173161534026335, 113.92222966168211, 39.164762736523976, 113.9360054871826, 'D:\\pythoncode\\ParallelComputing\\output10.png')
(30.173161534026335, 114.92222966168211, 30.164762736523976, 114.9360054871826, 'D:\\pythoncode\\ParallelComputing\\output11.png')
(31.173161534026335, 114.92222966168211, 31.164762736523976, 114.9360054871826, 'D:\\pythoncode\\ParallelComputing\\output12.png')
(32.173161534026335, 114.92222966168211, 32.164762736523976, 114.9360054871826, 'D:\\pythoncode\\ParallelComputing\\output13.png')
(33.173161534026335, 114.92222966168211, 33.164762736523976, 114.9360054871826, 'D:\\pythoncode\\ParallelComputing\\output14.png')
(34.173161534026335, 114.92222966168211, 34.164762736523976, 114.9360054871826, 'D:\\pythoncode\\ParallelComputing\\output15.png')
(35.173161534026335, 114.92222966168211, 35.164762736523976, 114.9360054871826, 'D:\\pythoncode\\ParallelComputing\\output16.png')
(36.173161534026335, 114.92222966168211, 36.164762736523976, 114.9360054871826, 'D:\\pythoncode\\ParallelComputing\\output17.png')
(37.173161534026335, 114.92222966168211, 37.164762736523976, 114.9360054871826, 'D:\\pythoncode\\ParallelComputing\\output18.png')
(38.173161534026335, 114.92222966168211, 38.164762736523976, 114.9360054871826, 'D:\\pythoncode\\ParallelComputing\\output19.png')
(39.173161534026335, 114.92222966168211, 39.164762736523976, 114.9360054871826, 'D:\\pythoncode\\ParallelComputing\\output20.png')
(30.173161534026335, 112.92222966168211, 30.164762736523976, 112.9360054871826, 'D:\\pythoncode\\ParallelComputing\\output21.png')
(31.173161534026335, 112.92222966168211, 31.164762736523976, 112.9360054871826, 'D:\\pythoncode\\ParallelComputing\\output22.png')
(32.173161534026335, 112.92222966168211, 32.164762736523976, 112.9360054871826, 'D:\\pythoncode\\ParallelComputing\\output23.png')
(33.173161534026335, 112.92222966168211, 33.164762736523976, 112.9360054871826, 'D:\\pythoncode\\ParallelComputing\\output24.png')
(34.173161534026335, 112.92222966168211, 34.164762736523976, 112.9360054871826, 'D:\\pythoncode\\ParallelComputing\\output25.png')
(35.173161534026335, 112.92222966168211, 35.164762736523976, 112.9360054871826, 'D:\\pythoncode\\ParallelComputing\\output26.png')
(36.173161534026335, 112.92222966168211, 36.164762736523976, 112.9360054871826, 'D:\\pythoncode\\ParallelComputing\\output27.png')
(37.173161534026335, 112.92222966168211, 37.164762736523976, 112.9360054871826, 'D:\\pythoncode\\ParallelComputing\\output28.png')
(38.173161534026335, 112.92222966168211, 38.164762736523976, 112.9360054871826, 'D:\\pythoncode\\ParallelComputing\\output29.png')
(39.173161534026335, 112.92222966168211, 39.164762736523976, 112.9360054871826, 'D:\\pythoncode\\ParallelComputing\\output30.png')
(30.173161534026335, 111.92222966168211, 30.164762736523976, 111.9360054871826, 'D:\\pythoncode\\ParallelComputing\\output31.png')
(31.173161534026335, 111.92222966168211, 31.164762736523976, 111.9360054871826, 'D:\\pythoncode\\ParallelComputing\\output32.png')
(32.173161534026335, 111.92222966168211, 32.164762736523976, 111.9360054871826, 'D:\\pythoncode\\ParallelComputing\\output33.png')
(33.173161534026335, 111.92222966168211, 33.164762736523976, 111.9360054871826, 'D:\\pythoncode\\ParallelComputing\\output34.png')
(34.173161534026335, 111.92222966168211, 34.164762736523976, 111.9360054871826, 'D:\\pythoncode\\ParallelComputing\\output35.png')
(35.173161534026335, 111.92222966168211, 35.164762736523976, 111.9360054871826, 'D:\\pythoncode\\ParallelComputing\\output36.png')
(36.173161534026335, 111.92222966168211, 36.164762736523976, 111.9360054871826, 'D:\\pythoncode\\ParallelComputing\\output37.png')
(37.173161534026335, 111.92222966168211, 37.164762736523976, 111.9360054871826, 'D:\\pythoncode\\ParallelComputing\\output38.png')
(38.173161534026335, 111.92222966168211, 38.164762736523976, 111.9360054871826, 'D:\\pythoncode\\ParallelComputing\\output39.png')
(39.173161534026335, 111.92222966168211, 39.164762736523976, 111.9360054871826, 'D:\\pythoncode\\ParallelComputing\\output40.png')
(30.173161534026335, 110.92222966168211, 30.164762736523976, 110.9360054871826, 'D:\\pythoncode\\ParallelComputing\\output41.png')
(31.173161534026335, 110.92222966168211, 31.164762736523976, 110.9360054871826, 'D:\\pythoncode\\ParallelComputing\\output42.png')
(32.173161534026335, 110.92222966168211, 32.164762736523976, 110.9360054871826, 'D:\\pythoncode\\ParallelComputing\\output43.png')
(33.173161534026335, 110.92222966168211, 33.164762736523976, 110.9360054871826, 'D:\\pythoncode\\ParallelComputing\\output44.png')
(34.173161534026335, 110.92222966168211, 34.164762736523976, 110.9360054871826, 'D:\\pythoncode\\ParallelComputing\\output45.png')
(35.173161534026335, 110.92222966168211, 35.164762736523976, 110.9360054871826, 'D:\\pythoncode\\ParallelComputing\\output46.png')
(36.173161534026335, 110.92222966168211, 36.164762736523976, 110.9360054871826, 'D:\\pythoncode\\ParallelComputing\\output47.png')
(37.173161534026335, 110.92222966168211, 37.164762736523976, 110.9360054871826, 'D:\\pythoncode\\ParallelComputing\\output48.png')
(38.173161534026335, 110.92222966168211, 38.164762736523976, 110.9360054871826, 'D:\\pythoncode\\ParallelComputing\\output49.png')
(39.173161534026335, 110.92222966168211, 39.164762736523976, 110.9360054871826, 'D:\\pythoncode\\ParallelComputing\\output50.png')
(30.173161534026335, 109.92222966168211, 30.164762736523976, 109.9360054871826, 'D:\\pythoncode\\ParallelComputing\\output51.png')
(31.173161534026335, 109.92222966168211, 31.164762736523976, 109.9360054871826, 'D:\\pythoncode\\ParallelComputing\\output52.png')
(32.173161534026335, 109.92222966168211, 32.164762736523976, 109.9360054871826, 'D:\\pythoncode\\ParallelComputing\\output53.png')
(33.173161534026335, 109.92222966168211, 33.164762736523976, 109.9360054871826, 'D:\\pythoncode\\ParallelComputing\\output54.png')
(34.173161534026335, 109.92222966168211, 34.164762736523976, 109.9360054871826, 'D:\\pythoncode\\ParallelComputing\\output55.png')
(35.173161534026335, 109.92222966168211, 35.164762736523976, 109.9360054871826, 'D:\\pythoncode\\ParallelComputing\\output56.png')
(36.173161534026335, 109.92222966168211, 36.164762736523976, 109.9360054871826, 'D:\\pythoncode\\ParallelComputing\\output57.png')
(37.173161534026335, 109.92222966168211, 37.164762736523976, 109.9360054871826, 'D:\\pythoncode\\ParallelComputing\\output58.png')
(38.173161534026335, 109.92222966168211, 38.164762736523976, 109.9360054871826, 'D:\\pythoncode\\ParallelComputing\\output59.png')
(39.173161534026335, 109.92222966168211, 39.164762736523976, 109.9360054871826, 'D:\\pythoncode\\ParallelComputing\\output60.png')
(30.173161534026335, 108.92222966168211, 30.164762736523976, 108.9360054871826, 'D:\\pythoncode\\ParallelComputing\\output61.png')
(31.173161534026335, 108.92222966168211, 31.164762736523976, 108.9360054871826, 'D:\\pythoncode\\ParallelComputing\\output62.png')
(32.173161534026335, 108.92222966168211, 32.164762736523976, 108.9360054871826, 'D:\\pythoncode\\ParallelComputing\\output63.png')
(33.173161534026335, 108.92222966168211, 33.164762736523976, 108.9360054871826, 'D:\\pythoncode\\ParallelComputing\\output64.png')
(34.173161534026335, 108.92222966168211, 34.164762736523976, 108.9360054871826, 'D:\\pythoncode\\ParallelComputing\\output65.png')
(35.173161534026335, 108.92222966168211, 35.164762736523976, 108.9360054871826, 'D:\\pythoncode\\ParallelComputing\\output66.png')
(36.173161534026335, 108.92222966168211, 36.164762736523976, 108.9360054871826, 'D:\\pythoncode\\ParallelComputing\\output67.png')
(37.173161534026335, 108.92222966168211, 37.164762736523976, 108.9360054871826, 'D:\\pythoncode\\ParallelComputing\\output68.png')
(38.173161534026335, 108.92222966168211, 38.164762736523976, 108.9360054871826, 'D:\\pythoncode\\ParallelComputing\\output69.png')
(39.173161534026335, 108.92222966168211, 39.164762736523976, 108.9360054871826, 'D:\\pythoncode\\ParallelComputing\\output70.png')
(30.173161534026335, 107.92222966168211, 30.164762736523976, 107.9360054871826, 'D:\\pythoncode\\ParallelComputing\\output71.png')
(31.173161534026335, 107.92222966168211, 31.164762736523976, 107.9360054871826, 'D:\\pythoncode\\ParallelComputing\\output72.png')
(32.173161534026335, 107.92222966168211, 32.164762736523976, 107.9360054871826, 'D:\\pythoncode\\ParallelComputing\\output73.png')
(33.173161534026335, 107.92222966168211, 33.164762736523976, 107.9360054871826, 'D:\\pythoncode\\ParallelComputing\\output74.png')
(34.173161534026335, 107.92222966168211, 34.164762736523976, 107.9360054871826, 'D:\\pythoncode\\ParallelComputing\\output75.png')
(35.173161534026335, 107.92222966168211, 35.164762736523976, 107.9360054871826, 'D:\\pythoncode\\ParallelComputing\\output76.png')
(36.173161534026335, 107.92222966168211, 36.164762736523976, 107.9360054871826, 'D:\\pythoncode\\ParallelComputing\\output77.png')
(37.173161534026335, 107.92222966168211, 37.164762736523976, 107.9360054871826, 'D:\\pythoncode\\ParallelComputing\\output78.png')
(38.173161534026335, 107.92222966168211, 38.164762736523976, 107.9360054871826, 'D:\\pythoncode\\ParallelComputing\\output79.png')
(39.173161534026335, 107.92222966168211, 39.164762736523976, 107.9360054871826, 'D:\\pythoncode\\ParallelComputing\\output80.png')
(30.173161534026335, 106.92222966168211, 30.164762736523976, 106.9360054871826, 'D:\\pythoncode\\ParallelComputing\\output81.png')
(31.173161534026335, 106.92222966168211, 31.164762736523976, 106.9360054871826, 'D:\\pythoncode\\ParallelComputing\\output82.png')
(32.173161534026335, 106.92222966168211, 32.164762736523976, 106.9360054871826, 'D:\\pythoncode\\ParallelComputing\\output83.png')
(33.173161534026335, 106.92222966168211, 33.164762736523976, 106.9360054871826, 'D:\\pythoncode\\ParallelComputing\\output84.png')
(34.173161534026335, 106.92222966168211, 34.164762736523976, 106.9360054871826, 'D:\\pythoncode\\ParallelComputing\\output85.png')
(35.173161534026335, 106.92222966168211, 35.164762736523976, 106.9360054871826, 'D:\\pythoncode\\ParallelComputing\\output86.png')
(36.173161534026335, 106.92222966168211, 36.164762736523976, 106.9360054871826, 'D:\\pythoncode\\ParallelComputing\\output87.png')
(37.173161534026335, 106.92222966168211, 37.164762736523976, 106.9360054871826, 'D:\\pythoncode\\ParallelComputing\\output88.png')
(38.173161534026335, 106.92222966168211, 38.164762736523976, 106.9360054871826, 'D:\\pythoncode\\ParallelComputing\\output89.png')
(39.173161534026335, 106.92222966168211, 39.164762736523976, 106.9360054871826, 'D:\\pythoncode\\ParallelComputing\\output90.png')
(30.173161534026335, 105.92222966168211, 30.164762736523976, 105.9360054871826, 'D:\\pythoncode\\ParallelComputing\\output91.png')
(31.173161534026335, 105.92222966168211, 31.164762736523976, 105.9360054871826, 'D:\\pythoncode\\ParallelComputing\\output92.png')
(32.173161534026335, 105.92222966168211, 32.164762736523976, 105.9360054871826, 'D:\\pythoncode\\ParallelComputing\\output93.png')
(33.173161534026335, 105.92222966168211, 33.164762736523976, 105.9360054871826, 'D:\\pythoncode\\ParallelComputing\\output94.png')
(34.173161534026335, 105.92222966168211, 34.164762736523976, 105.9360054871826, 'D:\\pythoncode\\ParallelComputing\\output95.png')
(35.173161534026335, 105.92222966168211, 35.164762736523976, 105.9360054871826, 'D:\\pythoncode\\ParallelComputing\\output96.png')
(36.173161534026335, 105.92222966168211, 36.164762736523976, 105.9360054871826, 'D:\\pythoncode\\ParallelComputing\\output97.png')
(37.173161534026335, 105.92222966168211, 37.164762736523976, 105.9360054871826, 'D:\\pythoncode\\ParallelComputing\\output98.png')
(38.173161534026335, 105.92222966168211, 38.164762736523976, 105.9360054871826, 'D:\\pythoncode\\ParallelComputing\\output99.png')
(39.173161534026335, 105.92222966168211, 39.164762736523976, 105.9360054871826, 'D:\\pythoncode\\ParallelComputing\\output100.png')